cpu  12365 247 4992 658839 672 0 302 0 0 0
cpu0 3137 16 1450 165239 153 0 224 0 0 0
cpu1 3187 91 1175 166226 216 0 43 0 0 0
cpu2 2895 45 1213 166656 156 0 24 0 0 0
cpu3 3144 93 1152 160717 146 0 9 0 0 0
intr 3448283 0 49179 1168192 0 0 0 3 0 0 0 2126781 0 0 37531 39945 0 0 0 26652 0 0 0 0 0 0 0 0 0 0 0 0 0 0 0 0 0 0 0 0 0 0 0 0 0 0 0 0 0 0 0 0 0 0 0 0 0 0 0 0 0 0 0 0 0
ctxt 3158168
btime 1761320480
processes 6063
procs_running 1
procs_blocked 0
softirq 2336210 38809 1733731 12 23814 9801 0 2315 353098 0 174630
